ID;Tiempo;Posicion_x;Posicion_y;Posicion_z;Velocidad_x;Velocidad_y;Velocidad_z;Aceleracion_x;Aceleracion_y;Aceleracion_z;Interceptado
1;45;35000;5000;1200;300;50;5;-10;15;-1;Si
2;30;50000;7000;3000;400;-30;10;-20;5;2;Si
3;80;70000;3000;1500;450;-100;7;-30;8;3;No
4;55;20000;1000;4000;500;80;-5;-25;-10;1;Si
5;25;45000;8000;2500;420;90;-2;10;0;-2;Si
6;70;60000;2000;1000;250;-40;-10;30;-5;-1;Si
7;35;55000;10000;500;350;60;8;5;10;0;Si
8;90;15000;1500;3500;300;-60;-6;10;20;-1;No
9;20;20000;4000;2000;120;500;-12;-5;2;-3;No
10;15;30000;2500;2800;550;200;-8;15;-10;4;Si
